-2.864593216715836110e+00
9.996172045838113362e+00
1.879157679995516528e+00
-2.779867813915465113e+00
-1.288699828457755459e+01
-9.833124925193288846e+00
2.443773027360624628e+00
-5.553187490172023288e+00
-8.478205914976467028e+00
-7.846365971330824252e+00
-8.817463745164438649e+00
6.548773529957824024e+00
-4.328701169894740630e+00
2.255089928605883642e+00
8.283372059672858612e+00
-6.134841419104854587e+00
-1.006695494011262682e+01
-4.293007472147050141e-01
2.805263634379428161e+00
7.392923190874940431e+00
6.732217999213586879e+00
8.422798275427597403e+00
8.374989654134719075e+00
-8.336961950075686190e+00
-8.814859838408256820e+00
-3.147407346804349970e+00
-9.610910541918419980e+00
-1.702842614886099781e+00
7.308922824925970119e+00
3.713714022910581392e+00
-2.515479923961328801e+00
-4.822092537535656476e+00
-1.084666621806864129e+01
-3.227367456422243208e+00
9.006950064237916109e+00
-3.723891425175436698e+00
