-1.611482762311418959e+00
1.132111928438326531e+00
1.473707695099065740e+00
-6.955622380755059897e-01
6.278899560901063381e-01
1.358675619356562336e+00
-6.607759125082020013e-01
6.862366065284434269e-01
-6.138412699044658583e-01
2.700777942321840985e+00
-2.077409526970872555e+00
-1.484748012065708167e+00
-2.421513926296982255e+00
-1.341429952147114690e+00
-9.169079672704529838e-01
-1.046309480187396890e+00
1.374594494284884671e+00
1.116762865811512517e+00
-7.972537194613877887e-01
2.211589437981498207e+00
8.542620179225206556e-01
7.189773926017632988e-01
7.186306083399118805e-01
1.925708496602789754e+00
-6.382001349795252132e-01
-3.709898380761723069e-01
-5.270186095192679332e-01
-9.224015265447542689e-01
1.535462801755530293e+00
1.145281135501073688e+00
2.248623069271349806e+00
2.922875413782070719e+00
-7.187967343035289725e-01
-2.040144449670232341e+00
-1.567405030023004020e+00
-2.026488114075537528e+00
