6.456013988946281756e+00
-6.943464875896176558e+00
3.479565097186514855e+00
-8.328116053805800334e+00
3.562963295362537863e+00
7.401731150349913690e+00
5.741923975485590859e+00
4.477131033932534976e+00
2.762032812715951025e-01
1.045187956047613653e+01
1.984994394514330196e+01
1.949329267962923495e+00
4.358201197375185743e+00
-8.762044018060443307e+00
-5.750293514659592375e-01
1.759633134712473179e+00
2.887482068579371841e+00
6.776293800071481854e+00
-7.444573114979593065e+00
-1.657449468929307557e+00
-8.761135376183323942e+00
5.198226620238154183e+00
-4.582388727066132539e+00
-2.022116441364273243e+01
1.316524367377163429e+01
1.213984642695711713e+00
4.039343645919299064e+00
1.100638804078711530e+01
-9.064909146847583088e+00
-5.851316952256810922e+00
-5.896432696036152166e+00
2.066022818641933156e+00
-9.619050060070211572e+00
1.254673777068794571e+00
-3.953110739144468866e+00
-7.762456103449515865e+00
-7.172868604405496562e+00
4.453644475555821103e+00
1.102580747638478442e+01
-5.191362327042286395e+00
