-5.508297887087893585e+00
-5.451379795662459671e+00
-3.820208691925358835e+00
-7.026331627146177539e+00
5.791258787893669435e+00
-2.097282617643555724e+00
6.465785922841481792e+00
2.357351685512686146e+00
-2.609695374548081759e+00
2.095181603170509277e+00
-4.445020797345264896e-01
-5.223664953679344691e+00
1.652227358956318781e+00
-4.854155315968768036e+00
-7.423347830020308180e+00
7.745513784994196627e+00
5.906197800825415456e+00
6.387984363211405281e-01
-8.297110438706916113e-01
-1.144597987680015194e+00
-9.006154382260689317e-02
-3.836718218121299984e+00
7.092441616933530923e+00
-5.481401877308732296e+00
2.090055040489092519e+00
6.470269556090624263e+00
6.477100390572401167e+00
-3.583531999511789579e+00
-3.646722769341272041e+00
6.701660325862375700e+00
7.979662973567194229e+00
2.453187154656413682e+00
3.777590103778884156e+00
1.315250771401750285e+00
-1.368310839598319006e-01
2.069145141289382650e+00
