-9.061266814170108930e+00
-6.855637948771409640e+00
8.160576730046425808e+00
7.375725343755460628e+00
-2.443559820337347865e+00
1.693158295218073661e+01
2.200949603494081686e+01
1.038544341274001326e+01
-7.113144147374306669e+00
-1.436836130862306327e+00
-1.820123830293814748e+00
7.763386306901981726e+00
1.193280976842602747e+01
-1.890429509537171882e+01
-1.587569787414138212e+01
1.206589256057981707e+01
1.422644089039827264e+01
-7.275232481592171396e+00
-1.624983403458379883e+00
-7.420577803597875999e+00
1.119450865170494325e+01
-2.842174941664624299e+01
-8.632139941833949948e+00
-3.277598748913627347e+00
8.389344321807165272e+00
5.786884934629615174e+00
4.295529967072097222e+00
-2.565914849272811438e+00
5.621845373446259231e-01
6.900886933649957200e+00
-5.841010127022274290e+00
-1.214366332154351014e+01
1.665522935565411444e+01
1.347940548799927107e+01
4.004869096694680053e+00
1.099688104126459542e+01
