-1.404288794781195548e+01
-1.153339134188290416e+01
1.476338793114490500e+01
1.216659703933726533e+01
-6.741238334849221303e+00
2.159198166004620845e+01
2.620610159644560611e+01
3.122216874035180112e+00
-2.306064580899736427e+00
-5.281160416572504346e+00
-7.276551138478284386e+00
1.771788168236284378e+00
1.777468064254307478e+01
-1.037341801610151926e+01
-2.110833831553348006e+01
1.713323815805530614e+01
1.880166718592829511e+01
-2.007551288433649717e+00
-7.805528752694307570e+00
-1.408714442061090466e+01
5.779603305402126523e+00
-3.353250590795664721e+01
-5.956154224753063886e+00
-6.965887596911514379e+00
1.442955983285983379e+01
1.283391530798000346e+01
9.942444321670169671e+00
3.772303903698393412e+00
-5.859679692769878656e+00
1.209594982967348642e+01
-1.145611415404695954e+01
-1.411561556488464575e+01
2.141971899522210521e+01
8.016262100449562666e+00
-1.092030448483971128e+00
1.762418569519481082e+01
