9.197015064425311692e+00
1.029604175490698026e+01
1.167888791322666719e+01
1.272260861034921575e+01
-5.642598410026742783e+00
9.164258117115431368e-01
-4.340909256604901678e+00
1.430207225863147080e+00
-5.774189534507031318e+00
-2.344228999267616409e+00
3.036098977873540328e+00
6.526480168019782369e+00
4.028736335772787669e+00
2.939124905168144064e+00
1.782944446687072748e+00
-6.554555429381405673e+00
-2.903122879190057404e+00
-9.809322729112960104e+00
2.423908603668665229e+00
2.578725165376653639e+00
1.411066255888620624e+01
-6.526326411861340659e-01
-6.264440703541414912e+00
-2.555443605585069555e+00
-4.085824100971187534e+00
-1.957341248766392638e+01
-1.736134180638173596e+00
5.852596285701330281e-01
9.534315163372536261e+00
-8.945023791806998581e-01
-7.143282802612846538e+00
-1.444217699572896940e+01
-3.995954190685738538e+00
1.713197697991361323e+01
6.514186620726961863e+00
1.348847718535874929e-01
