-7.477180071333906497e+00
-8.077303900016135074e+00
1.200092987514887355e+01
1.122161005401241418e+01
-5.499577815822776827e+00
1.162721269458529072e+01
1.455193770682491916e+01
-2.917372458792186762e-01
-1.332298711613178810e+00
-2.504152506293875646e+00
-2.163468978996062830e+00
1.323762159553565354e+00
1.057239957384809337e+01
5.334552551886618588e+00
-1.078365696594195988e+01
8.852090531245572436e+00
7.316926622997202756e+00
-2.369820650815515961e+00
-1.314208455576249435e+00
-4.432738227931734443e+00
7.472721206733609733e+00
-1.006910853274976958e+01
-3.360797850206063586e+00
-7.542127857551381709e+00
3.316351047038081035e+00
-4.430021120788996569e+00
3.118635736842836792e+00
1.123318218094944143e+00
1.547628948272503635e+00
5.843136251188921548e+00
-1.079657685913918463e+01
-1.351484352063930139e+01
8.807914445506570544e+00
9.946120086567056262e+00
-3.693304644494457278e-01
7.989868662158704282e+00
