-6.038263076040161437e+00
-7.681242264567574196e+00
1.201742872996930345e+01
1.477878262023844158e+01
-1.030882065068027131e+01
1.674448671529918542e+01
2.331538939356236995e+01
1.447430534792424339e-01
-3.128169191619470269e+00
-6.567506654509088548e+00
-5.247158347068255679e+00
4.224034435018054978e+00
1.672682247366996222e+01
-1.301161261705617633e+01
-1.849847637380439025e+01
1.089480617440555399e+01
1.785780463781642879e+01
-3.434893061252125790e+00
-4.949011840223633385e+00
-1.034221611424123921e+01
8.032005037776311696e+00
-1.651515706075082335e+01
-5.210607349610825167e+00
-7.204567507749212396e+00
1.299289957816160523e+01
6.638456948997148999e-01
7.721711648319418586e+00
1.879175399132989810e+00
-2.600542052282250438e+00
1.289363611910547647e+01
-1.089984635964935222e+01
-9.215888425005147155e+00
2.048067256942074010e+01
1.021641604176391738e+01
4.448160759395604735e+00
1.563752173132560408e+01
