-1.030372596896178727e+01
-7.796678283499236528e+00
1.110442398784207185e+01
8.993955838550835580e+00
-4.724692033443139039e+00
1.872084350845445755e+01
2.339368698998468687e+01
1.535471231638816825e+00
1.256615899384126323e+00
-1.513207596281108014e+00
-5.668174742343958350e+00
-2.494023757985752709e+00
1.375285521212586914e+01
5.655690188430556375e+00
-1.830189341990159235e+01
1.310823628511903571e+01
1.594241984476560781e+01
1.828000987196208627e+00
-4.094835767851437325e+00
-1.015931427230434636e+01
2.008396492359294072e+00
-2.033379984956461328e+01
-2.786486151393896549e+00
-8.644175622610244858e+00
1.034339093741103532e+01
-2.525474978396308856e+00
6.172398646958140667e+00
-3.199944924495157217e-01
-2.857807388805715831e+00
8.475588667574845303e+00
-9.580668885413128777e+00
-1.060969861698697692e+01
1.982337960843623392e+01
4.583085059687368457e+00
-4.486366915476846629e+00
1.364227247020125766e+01
