0.99,0.975,0.965,0.95,0.975,1.0,0.92,0.965,0.93,0.98,0.97,0.96,0.95,1.0,0.925,0.975,0.915,0.945,0.95,0.955
0.985,0.97,0.94,0.935,0.95,0.945,0.97,0.915,0.93,0.93,0.945,0.945,0.95,0.8,0.975,0.945,0.955,0.945,0.99,0.97
0.97,0.98,0.955,0.975,0.935,0.97,0.96,0.905,0.935,0.955,0.91,0.895,0.95,0.9,0.96,0.97,0.95,0.88,0.975,0.96
0.955,0.87,0.88,0.945,0.95,0.97,0.935,0.905,0.98,0.92,0.975,0.97,0.88,0.865,0.85,0.945,0.95,0.895,0.945,0.94
0.96,0.9,0.88,0.93,0.915,0.95,0.94,0.87,0.845,0.745,0.9,0.905,0.96,0.985,0.815,0.79,0.905,0.865,0.93,0.935
0.93,0.775,0.89,0.96,0.88,0.95,0.975,0.955,0.86,0.94,0.955,0.94,0.915,0.93,0.875,0.91,0.98,0.94,0.89,0.93
0.925,0.925,0.94,0.89,0.835,0.97,0.945,0.92,0.965,0.8,0.865,0.9,0.89,0.98,0.94,0.93,0.88,0.935,0.87,0.94
0.895,0.905,0.92,0.97,0.91,1.0,0.955,0.875,0.945,0.925,0.86,0.915,0.97,0.955,0.955,0.925,0.955,0.855,0.875,0.965
0.93,0.93,0.875,0.965,0.94,0.81,0.89,0.85,0.985,0.925,0.81,0.985,0.96,0.87,0.97,0.955,0.93,0.73,0.93,0.915
0.935,0.925,0.9,0.975,0.855,0.985,0.965,0.97,0.97,0.815,0.9,0.95,0.96,0.975,0.935,0.88,0.89,0.87,0.87,0.925
0.915,0.925,0.94,0.865,0.945,0.88,0.945,0.96,0.965,0.85,0.815,0.97,0.975,0.96,0.885,0.845,0.905,0.87,0.875,0.95
0.965,0.81,0.965,0.93,0.965,0.92,0.94,0.955,0.95,0.945,0.945,0.98,0.985,0.9,0.975,0.955,0.895,0.935,0.82,0.73
0.94,0.885,0.905,0.855,0.965,0.91,0.945,0.895,0.875,0.885,0.8,0.8,0.89,0.93,0.755,0.92,0.94,0.945,0.835,0.93
0.95,0.91,0.95,0.935,0.89,0.86,0.965,0.915,0.815,0.925,0.875,0.94,0.98,0.84,0.925,0.83,0.96,0.845,0.945,0.85
0.99,0.96,0.95,0.89,0.825,0.93,0.975,0.825,0.975,0.81,0.905,0.865,0.98,0.915,0.885,0.91,0.905,0.93,0.91,0.95
0.94,0.915,0.88,0.835,0.96,0.93,0.945,0.97,0.835,0.955,0.795,0.945,0.86,0.74,0.85,0.86,0.945,0.9,0.795,0.745
0.945,0.945,0.935,0.87,0.945,0.85,0.925,0.845,0.945,0.94,0.96,0.825,0.98,0.825,0.865,0.975,0.965,0.92,0.745,0.96
0.875,0.895,0.93,0.89,0.87,0.83,0.96,0.92,1.0,0.835,0.815,0.96,0.935,0.875,0.815,0.87,0.89,0.83,0.815,0.94
0.955,0.775,0.91,0.875,0.77,0.95,0.89,0.94,0.95,0.905,0.81,0.9,0.78,0.805,0.925,0.955,0.965,0.76,0.93,0.915
0.795,0.96,0.99,0.81,0.895,0.865,0.94,0.94,0.94,0.965,0.8,0.915,0.945,0.895,0.92,0.875,0.95,0.955,0.81,0.905
0.935,0.845,0.94,0.87,0.79,0.87,0.92,0.965,0.86,0.97,0.91,0.93,0.98,0.935,0.97,0.965,0.87,0.935,0.855,0.86
0.985,0.985,0.95,0.86,0.74,0.895,0.975,0.865,0.775,0.755,0.94,0.77,0.865,0.93,0.71,0.94,0.98,0.91,0.885,0.975
0.88,0.895,0.94,0.865,0.925,0.815,0.88,0.82,0.925,0.905,0.9,0.975,0.865,0.94,0.94,0.905,0.96,0.8,0.9,0.905
0.945,0.98,0.925,0.76,0.815,0.935,0.865,0.95,0.96,0.87,0.79,0.845,0.945,0.91,0.885,0.885,0.85,0.94,0.815,0.8
0.955,0.94,0.955,0.965,0.975,0.95,0.95,0.91,0.825,0.9,0.86,0.9,0.995,0.985,0.89,0.965,0.89,0.915,0.865,0.965
0.86,0.975,0.955,0.815,0.885,0.915,0.97,0.87,0.955,0.865,0.88,0.93,0.78,0.97,0.77,0.82,0.95,0.765,0.92,0.945
0.815,0.915,0.885,0.85,0.89,0.925,0.91,0.815,1.0,0.92,0.745,0.905,0.94,0.945,0.865,0.925,0.78,0.85,0.925,0.875
0.735,0.865,0.885,0.775,0.95,0.91,0.785,0.865,0.96,0.805,0.83,0.82,0.905,0.95,0.76,0.885,0.86,0.86,0.89,0.785
0.855,0.93,0.775,0.835,0.78,0.93,0.965,0.885,0.91,0.65,0.91,0.915,0.98,0.85,0.855,0.935,0.83,0.94,0.92,0.875
0.81,0.945,0.945,0.865,0.91,0.88,0.95,0.94,0.965,0.885,0.875,0.86,0.975,0.94,0.85,0.94,0.885,0.9,0.88,0.915
0.94,0.895,0.95,0.825,0.955,0.92,0.93,0.91,0.885,0.915,0.91,0.925,0.92,0.925,0.8,0.935,0.89,0.975,0.88,0.915
0.695,0.86,0.765,0.975,0.79,0.975,0.88,0.865,0.965,0.895,0.985,0.9,0.945,0.825,0.865,0.985,0.835,0.99,0.74,0.82
0.845,0.89,0.915,0.83,0.86,0.78,0.98,0.955,0.73,0.93,0.805,0.99,0.78,0.955,0.82,0.57,0.81,0.91,0.92,0.83
0.725,0.91,0.93,0.895,0.84,0.925,0.86,0.895,0.945,0.745,0.855,0.88,0.865,0.86,0.745,0.925,0.915,0.885,0.775,0.99
0.92,0.86,0.955,0.855,0.83,0.915,0.825,0.935,0.84,0.915,0.925,0.795,0.93,0.92,0.835,0.775,0.795,0.875,0.965,0.935
0.76,0.84,0.94,0.895,0.965,0.95,0.965,0.955,0.885,0.92,0.92,0.785,0.705,0.88,0.93,0.86,0.85,0.805,0.98,0.805
0.81,0.73,0.955,0.935,0.97,0.88,0.925,0.92,0.845,0.96,0.705,0.75,0.885,0.935,0.93,0.925,0.885,0.995,0.83,0.71
0.85,0.945,0.78,0.84,0.92,0.83,0.875,0.8,0.745,0.905,0.935,0.915,0.805,0.825,0.84,0.97,0.865,0.895,0.94,0.93
0.93,0.935,0.905,0.895,0.88,0.775,0.985,0.935,0.84,0.75,0.925,0.92,0.925,0.92,0.79,0.835,0.92,0.89,0.955,0.865
0.82,0.86,0.88,0.895,0.84,0.955,0.915,0.805,0.83,0.795,0.915,0.94,0.785,0.94,0.97,0.855,0.945,0.92,0.985,0.905
0.96,0.945,0.875,0.96,0.885,0.98,0.955,0.97,0.98,0.91,0.98,0.865,0.765,0.86,0.755,0.84,0.805,0.885,0.865,0.81
0.76,0.96,0.845,0.89,0.93,0.85,0.97,0.95,0.775,0.935,0.775,0.87,0.775,0.935,0.795,0.905,0.835,0.95,0.98,0.99
0.94,0.945,0.935,0.755,0.905,0.95,0.755,0.64,0.935,0.795,0.81,0.93,0.805,0.82,0.885,0.765,0.9,0.855,0.9,0.9
0.865,0.925,0.89,0.775,0.87,0.865,0.88,0.735,0.81,0.7,0.84,0.795,0.85,0.92,0.855,0.875,0.785,0.905,1.0,0.83
0.935,0.76,0.84,0.835,0.81,0.685,0.865,0.935,0.87,0.705,0.825,0.77,0.76,0.85,0.86,0.785,0.715,0.92,0.765,0.935
0.74,0.955,0.945,0.82,0.97,0.9,0.94,0.81,0.805,0.835,0.66,0.905,0.68,0.705,0.9,0.8,0.89,0.845,0.985,0.91
0.82,0.835,0.84,0.83,0.77,0.75,0.9,0.82,0.97,0.965,0.8,0.805,0.86,0.82,0.91,0.81,0.74,0.9,0.905,0.885
0.81,0.97,0.885,0.795,0.93,0.595,0.785,0.855,0.955,0.955,0.96,0.825,0.935,0.83,0.855,0.81,0.755,0.89,0.89,0.925
0.89,0.8,0.955,0.77,0.895,0.73,0.82,0.845,0.935,0.91,0.98,0.89,0.895,0.935,0.815,0.885,0.845,0.73,0.79,0.895
0.965,0.965,0.815,0.89,0.885,0.76,0.775,0.905,0.77,0.98,0.9,0.67,0.615,0.845,0.725,0.81,0.845,0.885,0.935,0.865
0.99,0.735,0.8,0.79,0.93,0.95,0.825,0.78,0.985,0.97,0.97,0.785,0.73,0.65,0.87,0.885,0.76,0.875,0.74,0.81
0.705,0.805,0.81,0.87,0.985,0.855,0.9,0.84,0.845,0.955,0.88,0.93,0.785,0.785,0.86,0.835,0.73,0.82,0.76,0.805
0.83,0.75,0.83,0.9,0.91,0.8,0.825,0.83,0.96,0.8,0.86,0.915,0.79,0.805,0.8,0.79,0.885,0.885,0.87,0.925
0.8,0.805,0.74,0.695,0.96,0.845,0.7,0.88,0.755,0.91,0.84,0.81,0.7,0.82,0.755,0.81,0.91,0.785,0.745,0.795
0.76,0.75,0.845,0.845,0.94,0.86,0.88,0.915,0.95,0.855,0.93,0.86,0.7,0.875,0.805,0.855,0.83,0.795,0.86,0.83
0.855,0.87,0.885,0.895,0.75,0.72,0.785,0.845,0.815,0.885,0.905,0.815,0.84,0.88,0.875,0.755,0.93,0.89,0.91,0.935
0.83,0.825,0.74,0.93,0.985,0.67,0.82,0.755,0.94,0.875,0.855,0.915,0.725,0.93,0.765,0.775,0.81,0.79,0.95,0.855
0.855,0.75,0.865,0.835,0.875,0.935,0.84,0.72,0.675,0.875,0.935,0.85,0.735,0.845,0.8,0.745,0.83,0.84,0.715,0.885
0.675,0.86,0.765,0.855,0.88,1.0,0.73,0.77,0.935,0.985,0.785,0.83,0.79,0.95,0.92,0.8,0.735,0.815,0.96,0.835
0.775,0.815,0.785,0.765,0.93,0.835,0.87,0.87,0.79,0.985,0.895,0.765,0.76,0.915,0.745,0.65,0.87,0.765,0.725,0.695
0.74,0.83,0.815,0.845,0.825,0.705,0.685,0.655,0.895,0.815,0.85,0.86,0.685,0.885,0.81,0.86,0.855,0.88,0.925,0.87
0.78,0.795,0.905,0.875,0.945,0.71,0.92,0.835,0.89,0.855,0.845,0.76,0.705,0.725,0.85,0.775,0.81,0.84,0.74,0.75
0.665,0.955,0.955,0.75,0.985,0.865,0.75,0.915,0.77,0.77,0.8,0.74,0.775,0.87,0.765,0.835,0.855,0.77,0.82,0.81
0.81,0.825,0.77,0.83,0.93,0.795,0.87,0.82,0.67,0.93,0.785,0.87,0.64,0.69,0.82,0.885,0.83,0.77,0.67,0.795
0.67,0.965,0.835,0.775,0.775,0.84,0.76,0.74,0.9,0.805,0.8,0.855,0.82,0.9,0.855,0.83,0.94,0.86,0.625,0.765
0.725,0.915,0.78,0.72,0.805,0.85,0.86,0.79,0.825,0.83,0.855,0.88,0.805,0.935,0.84,0.74,0.945,0.655,0.89,0.76
0.745,0.96,0.955,0.745,0.925,0.685,0.94,0.875,0.83,0.8,0.79,0.83,0.77,0.765,0.905,0.675,0.87,0.84,0.96,0.705
0.81,0.965,0.915,0.825,0.895,0.915,0.825,0.695,0.885,0.71,0.815,0.865,0.79,0.83,0.675,0.765,0.995,0.82,0.785,0.72
0.855,0.88,0.94,0.86,0.94,0.965,0.89,0.855,0.86,0.83,0.75,0.705,0.9,0.9,0.775,0.805,0.915,0.71,0.825,0.685
0.8,0.75,0.89,0.75,0.89,0.97,0.86,0.79,0.735,0.745,0.75,0.825,0.795,0.885,0.805,0.78,0.845,0.83,0.8,0.81
0.785,0.95,0.785,0.715,0.835,0.735,0.915,0.77,0.925,0.975,0.715,0.79,0.79,0.665,0.75,0.805,0.9,0.645,0.77,0.79
0.74,0.775,0.9,0.77,0.92,0.79,0.79,0.855,0.955,0.925,0.77,0.875,0.73,0.76,0.75,0.825,0.8,0.825,0.775,0.77
0.835,0.74,0.93,0.84,0.84,0.945,0.825,0.95,0.75,0.885,0.78,0.855,0.73,0.81,0.865,0.775,0.795,0.77,0.775,0.77
0.835,0.815,0.96,0.73,0.795,0.965,0.86,0.73,0.9,0.985,0.825,0.76,0.81,0.91,0.83,0.845,0.785,0.85,0.8,0.7
0.63,0.69,0.86,0.835,0.755,0.93,0.85,0.825,1.0,0.97,0.875,0.68,0.805,0.84,0.76,0.755,0.815,0.705,0.715,0.745
0.89,0.745,0.96,0.895,0.945,0.91,0.79,0.91,0.725,0.975,0.74,0.825,0.875,0.845,0.745,0.82,0.805,0.76,0.745,0.8
0.795,0.675,0.895,0.81,0.9,0.89,0.79,0.775,0.935,0.795,0.86,0.78,0.8,0.83,0.85,0.82,0.745,0.79,0.805,0.72
0.8,0.935,0.675,0.815,0.905,0.765,0.675,0.895,0.97,0.685,0.79,0.79,0.865,0.9,0.805,0.71,0.65,0.84,0.865,0.775
0.815,0.91,0.895,0.915,0.975,0.77,0.755,0.765,0.935,0.73,0.91,0.8,0.92,0.75,0.76,0.82,0.745,0.75,0.88,0.735
0.825,0.88,0.95,0.97,0.955,0.825,0.795,0.86,0.84,0.765,0.83,0.76,0.805,0.885,0.81,0.775,0.825,0.805,0.735,0.725
0.685,0.785,0.965,0.845,0.965,0.71,0.78,0.79,0.78,0.79,0.755,0.85,0.84,0.7,0.83,0.785,0.825,0.8,0.73,0.7
0.64,0.875,0.755,0.76,0.865,0.975,0.655,0.895,0.755,0.785,0.82,0.85,0.66,0.625,0.725,0.695,0.785,0.9,0.85,0.715
0.735,0.855,0.85,0.88,0.775,0.93,0.765,0.83,0.765,0.805,0.75,0.69,0.88,0.69,0.77,0.76,0.825,0.765,0.645,0.815
0.91,0.755,0.84,0.805,0.825,0.785,0.745,0.735,0.95,0.65,0.855,0.89,0.785,0.825,0.83,0.68,0.78,0.88,0.905,0.8
0.87,0.775,0.78,0.785,0.94,0.935,0.725,0.845,0.765,0.685,0.77,0.76,0.845,0.795,0.855,0.69,0.76,0.84,0.86,0.825
0.88,0.88,0.775,0.81,0.915,0.76,0.755,0.83,0.835,0.85,0.71,0.86,0.865,0.73,0.77,0.735,0.805,0.83,0.96,0.775
0.87,0.855,0.765,0.955,0.895,0.785,0.77,0.91,0.835,0.755,0.68,0.915,0.83,0.69,0.795,0.755,0.705,0.85,0.95,0.74
0.83,0.85,0.75,0.865,0.905,0.885,0.805,0.81,0.73,0.79,0.68,0.79,0.835,0.76,0.75,0.755,0.78,0.74,0.855,0.785
0.785,0.8,0.745,0.765,0.86,0.92,0.705,0.87,0.87,0.84,0.785,0.81,0.9,0.825,0.825,0.695,0.735,0.74,0.83,0.7
0.885,0.8,0.88,0.945,0.92,0.91,0.805,0.635,0.855,0.85,0.855,0.865,0.86,0.78,0.825,0.775,0.725,0.765,0.765,0.7
0.78,0.78,0.74,0.85,0.935,0.785,0.815,0.795,1.0,0.865,0.765,0.745,0.945,0.795,0.785,0.76,0.755,0.815,0.83,0.8
0.88,0.76,0.755,0.96,0.975,0.795,0.795,0.7,0.86,0.865,0.68,0.825,0.84,0.84,0.81,0.7,0.815,0.745,0.85,0.785
0.745,0.845,0.745,0.725,0.79,0.75,0.875,0.81,0.915,0.855,0.74,0.865,0.885,0.755,0.69,0.76,0.735,0.795,0.845,0.7
0.725,0.82,0.825,0.78,0.86,0.7,0.73,0.765,0.83,0.86,0.735,0.815,0.785,0.855,0.77,0.795,0.8,0.84,0.86,0.75
0.645,0.695,0.785,0.99,0.805,0.765,0.805,0.715,0.78,0.78,0.74,0.98,0.88,0.81,0.77,0.765,0.795,0.72,0.93,0.74
0.79,0.725,0.8,0.78,0.955,0.84,0.695,0.815,0.945,0.805,0.83,0.77,0.885,0.635,0.82,0.79,0.755,0.63,0.97,0.805
0.745,0.72,0.72,0.73,0.815,0.68,0.805,0.82,0.72,0.785,0.78,0.82,0.825,0.725,0.705,0.765,0.83,0.795,0.865,0.78
0.76,0.8,0.765,0.79,0.895,0.705,0.795,0.735,0.7,0.875,0.745,0.92,0.76,0.82,0.855,0.755,0.8,0.795,0.855,0.73
0.71,0.72,0.675,0.9,0.89,0.74,0.825,0.765,0.69,0.745,0.755,0.845,0.805,0.735,0.76,0.8,0.7,0.76,0.75,0.66
0.71,0.705,0.745,0.855,0.83,0.77,0.78,0.74,0.705,0.69,0.72,0.97,0.975,0.865,0.8,0.66,0.7,0.84,0.645,0.73
