-3.748010495052537472e+00
3.209518683584252408e+00
-4.105539676593057408e+00
-2.348116696435715411e+00
-4.315227188280568171e+00
2.191247591112650106e+00
-2.427772449166186952e+00
-2.333730801999235105e+00
6.384166958382671009e-01
-4.831857788237336138e+00
-3.002134215523218685e+00
4.946129608990728954e+00
-4.009934095232869922e-01
-2.019853873735868000e+00
2.898774531143367028e+00
-1.184792092774770822e+00
5.110174172038595586e+00
-3.847810509065247686e+00
-2.854131058122525211e+00
3.399989623953940665e-01
1.788287876364236695e+00
2.566629053630806290e+00
1.587422369058781424e+00
-6.293582470025866904e+00
8.616032954255634646e-01
2.788315826680062059e+00
-3.789863919365641820e+00
4.971430222282728906e+00
-4.267731427734474892e+00
-1.220472558665834484e+00
2.926569019337850186e+00
-4.389448121958652749e+00
6.841928343312989824e+00
-7.497857212332093013e-03
-2.363708435159779242e+00
-3.312459610142226119e+00
