-4.832087764601458169e+00
-2.091899918288744331e-01
-1.792569213239883830e+00
-2.768871014682756204e+00
3.703672671399348637e+00
4.493092505137145309e+00
-2.023307809762251441e-01
5.443826486139453635e-01
-1.917679212640996500e+00
-2.707971690657157371e+00
3.344076281719133625e+00
2.485411478980037003e+00
-1.942047419299120392e+00
7.677128568523317043e-02
1.863790926175269203e+00
1.385305200325196218e+00
5.691454729795850653e-01
-2.827339971940736607e+00
1.950670957678133366e+00
-8.036014931169126463e-01
2.747076760452418220e+00
8.943605224557682476e-01
9.964774843016579453e-01
-4.176308117779422346e+00
4.962129399299810562e-01
6.565922188574266904e-01
-2.119590129166476267e+00
3.030000999910868131e+00
-1.417848969555338456e+00
-2.482917121611230016e-01
1.912034410189226374e+00
1.026345788936237291e+00
4.297414643468811413e+00
-3.966140272889594698e+00
6.598403579758174153e-01
-3.236797481612466498e+00
