-6.058316795802048738e+00
2.587657213429980452e+00
-1.699783185133941998e+00
-4.362948178658666798e+00
2.520736548237518804e-01
5.730023618599354940e+00
4.893830355691379808e-01
-4.672975081310386081e+00
1.533200234364606729e+00
-1.887720721171436189e+00
1.169437555203710843e+00
2.922387854838620846e+00
-2.162522027883076348e+00
1.269389020644644539e+00
-2.484776673018274096e-01
1.088203151759486786e+00
1.322608468249344860e+00
-5.435875711382917252e+00
4.613352582362591825e+00
1.103519007266957175e+00
1.153527637662923766e+00
-1.335086538649980170e+00
8.747991342874072984e-03
-7.036556697689487549e+00
-4.726531752680926957e-01
-5.713945271157045980e-01
-1.864388957247427925e+00
5.786085062172072746e+00
-4.615935648675017156e+00
-2.521258871352038966e-02
2.938974712678442458e+00
9.496178342807386485e-01
4.635000491927531385e+00
-4.285922554787225280e+00
4.953395953075458991e-01
-5.180132939772867040e+00
