-1.010396014007070242e+00
-1.143663344928953940e+00
2.340223632667740361e+00
3.512745020367713522e+00
2.904335314352013420e+00
2.820602465848605078e+00
2.527585652967465180e+00
3.848501905293482572e+00
-3.647120219972160626e+00
-3.966174484688597346e+00
3.683020597869761659e+00
-4.254520364289966494e-01
2.336330755176299512e+00
6.736961743261122848e-01
3.702743065222378505e+00
1.681233227259003371e+00
4.297539066323654566e-01
3.652101580643416057e+00
1.208282958213786173e+00
1.325079975572738711e+00
-8.612389034075604854e-01
-2.533186738859878773e+00
-2.362798577902194275e+00
2.883141302957985097e+00
3.923871301355738694e+00
-2.588233106683777152e-01
2.775327082067844842e+00
-1.813112414537625838e+00
-3.013426587134595991e+00
-3.240030297734159070e+00
-2.527992936257610346e+00
-7.557076564779574568e-01
2.719628451289670679e-01
-3.258077747990480333e+00
1.421282727055038109e+00
1.849281894968672013e+00
