-1.908189779555712562e+01
1.277410673128043683e+00
-1.905778190188807031e+01
1.060038407686219664e+01
8.766074871938910107e+00
-1.069916643469101025e+01
-1.840779869042416195e+01
9.561443753575524340e+00
-1.216440646098293676e+01
-1.689497482806457640e+01
9.164670045061926729e+00
7.512415043840045215e+00
1.244888039161111948e+01
-1.736290083576457732e+01
1.569985117042022971e+01
3.199306735185162509e+00
1.777046526511368540e+01
1.105166345142820816e+01
-7.669362717442421484e+00
-1.374271335060471344e+01
-1.061926046567245052e+01
1.741782393540481166e+01
7.362410349545691624e+00
9.964689895699272881e+00
1.469680941536221930e+01
5.681227890514940704e+00
-1.861321617306954224e+00
-9.487728167216915587e-01
1.152920084257414146e+01
-1.365107297355729088e+01
-6.656125717631123706e+00
-7.972236228982347406e+00
1.444156913928225627e+01
1.397875389126561885e+01
-1.748288948653826580e+01
9.955712605996362541e+00
