-1.278826578139778647e+01
-1.157776837711539164e+00
-1.198285880863913277e+01
5.770918954427904701e+00
4.381334048900967559e+00
-5.763722310531366411e+00
-1.076669127335535414e+01
4.657522329454757859e+00
-1.045411992279983870e+01
-1.003460916247625434e+01
6.653261573333724144e+00
8.773880980516423733e+00
4.866060015543840933e+00
-9.496874868160059435e+00
1.070406995710029818e+01
1.848947298492950697e+00
1.195938370023677066e+01
6.081930380061906227e+00
-5.834416627156570279e+00
-8.761728872214042951e+00
-8.222457842748465140e+00
1.062973092263518105e+01
5.923764006501327728e+00
2.167824413507165815e+00
8.745846618188870991e+00
-1.162257817092607226e+00
-5.277601006619738300e+00
-3.674680623568698401e+00
5.338718166009736699e+00
-9.663877134458292772e+00
-1.532205150012596384e+00
-3.441707867656327746e+00
9.739509329292243223e+00
8.388458839015184410e+00
-1.104729388989833438e+01
5.685769357541074598e+00
