-3.148641871718226959e+00
-5.262086363362959318e+00
1.515109150968740437e+00
-5.076660916911944099e+00
8.093679639553208460e-01
-1.532075849531454814e+00
2.329272430160482799e+00
-7.823883923816286057e-01
1.599473278354821559e+00
-4.064222724981047641e+00
3.214500065868481471e+00
-1.553517440812771433e+00
-5.460139739295486905e+00
-1.911028737290031643e+00
-3.236141150414901801e-01
5.491400970165809525e+00
3.602291240212316836e+00
5.811885877404399992e+00
-4.768062595325574193e+00
-4.698706933650082185e+00
-4.759470367520451717e+00
-4.646674103739725226e+00
1.048062274859757892e+00
-4.414694683712907519e-01
-4.853725394041632057e+00
3.371642091605419722e+00
4.200631263824327277e+00
4.529163089443617451e-01
9.961597754525204351e-01
5.551517935211956356e+00
4.577919605032626293e+00
5.563429891030228447e+00
2.484708084312895693e+00
-4.210494011780341772e+00
-2.859364201885504109e+00
-2.106041871567571722e+00
