6.429624659909425333e+00
-7.106499489116639978e-01
2.531862580682978425e+00
-3.424645650522470053e+00
-4.670826851645967892e+00
-9.993482970033515045e+00
5.981161327506798742e+00
-3.129627275349481152e+00
5.377447105402959338e-01
7.914688247590291326e-01
-7.322999033943494496e+00
8.732222860371201989e+00
-5.428513497504594554e+00
-4.372593262077434595e+00
-3.720009475839020752e+00
3.779673509506459084e+00
-7.625633271349693487e+00
-3.521396514320731086e+00
-1.668625427182975240e+00
9.647819693510871986e+00
-5.226657613842128569e+00
1.890343467052435500e+00
1.298253511739501764e+00
9.417857345505931121e-01
7.718487290497170861e+00
-2.444280282056738418e+00
2.747169960938986577e-01
-2.626655341832516477e+00
7.607928990775243427e+00
-9.019499980714218879e+00
-5.186103673131702507e+00
8.357949523700405337e-01
1.934374006934184820e+00
-1.330650657328084741e+00
4.690804264121851475e+00
-2.984882833652900302e+00
