-5.647569199736583556e+00
-4.347001133571136933e+00
2.654809875256427532e+00
-9.599654132817722285e+00
1.176451079624767360e+00
-6.697062200874609239e+00
5.906390166244277040e+00
-2.744602173518779331e+00
7.597113734238870819e+00
-3.546789742099456078e+00
6.505031930164443921e+00
-2.312053511676533724e+00
-6.650034671956050580e+00
-3.012940713569473239e+00
2.064228986267160337e-01
7.708357201097448375e+00
5.211573420933646617e+00
4.052969304807228390e+00
-1.162007754613708599e+01
-6.376483795894097639e+00
-1.245650137067020680e+01
-2.580527762700116412e+00
8.386198018958292977e-01
4.336061283390549193e+00
-7.821037825686534717e+00
1.715260148490750813e+00
5.300196483923521384e+00
2.879893709446280425e+00
-4.178498916086578419e+00
8.725494655933868415e+00
1.001055831759457959e+01
5.476465132964795757e+00
-2.545250706605095559e+00
-1.309636812938308914e+00
-6.312916538694669732e+00
-1.892021547316105057e+00
