-1.078093396482086064e+01
-1.833519653390736082e+00
7.437102469947381778e+00
-5.818640879620240014e+00
6.750229492222471706e+00
-2.135152680165813166e+00
1.880773504906249727e+00
-1.182985387605485439e+00
5.472624588170283744e+00
-5.856099557260230348e+00
9.201909108260027281e+00
-3.495246594758299352e+00
-1.097026112030468603e+01
-2.740422022686431092e+00
2.119030924780988201e+00
5.943981561400187630e+00
6.752449077478760664e+00
6.375617175565787775e+00
-1.066662975787548362e+01
-6.472571382376795412e+00
-1.216600486508295020e+01
-4.650519978723020920e+00
5.219274943935575450e+00
8.589202522006612384e+00
-7.824871785012703640e+00
8.091917714304711851e+00
4.317091764672793985e+00
-2.922339441346569089e+00
-2.115351780494192369e+00
1.157431949070222998e+01
1.193319956458015874e+01
1.013017433922909660e+01
-1.154012288094621752e+00
-4.820261552994859144e+00
-7.375612624893880920e+00
-1.063086718522896490e-01
