-1.263834650794244396e+00
-4.303031906380685889e+00
-2.192616132479372482e+00
1.572023025299075893e+00
2.475432896641583724e+00
-5.115045339169753902e+00
-3.173601996137398906e+00
2.248223991769645380e+00
-6.020618646096331794e+00
-1.327120259218691700e+00
-5.965784645036631417e-01
-5.945794501821707989e+00
-3.433795544274797606e+00
-1.320823663554803629e+00
-6.387369158479545561e-01
1.004797364997791931e+00
1.133068522014931911e+00
-8.031695077336564736e-02
2.028459993066149103e+00
5.259492972066325045e+00
2.044146258637137947e+00
1.521033634298404102e+00
2.090863704518955757e+00
2.634841204868977549e+00
-4.669373117842745557e-01
-4.699367965694936089e-01
-2.247178103855724807e-01
1.972667673670383870e+00
-2.792600860729320011e+00
1.875996674738033221e+00
-1.296242653620688579e+00
1.693410233412887322e+00
1.620787526177675630e+00
4.642409648323075899e-02
1.316704376979861202e+00
1.443241275136331048e+00
